7 0.14312962962962963 0.19444444444444445 0.05936111111111112 0.06454320987654318
7 0.39442592592592596 0.20217283950617282 0.06331481481481481 0.06595061728395064
7 0.6388611111111111 0.2051604938271605 0.06411111111111112 0.06840740740740736
7 0.9078333333333334 0.20428395061728394 0.06648148148148143 0.07017283950617281
7 0.7643148148148149 0.3602469135802469 0.06437037037037036 0.0619876543209877
7 0.5160462962962963 0.3614814814814815 0.06912037037037046 0.0679629629629629
7 0.27517592592592593 0.35533333333333333 0.056990740740740696 0.05213580246913582
7 0.03205555555555555 0.3540987654320988 0.0641111111111111 0.06022222222222219
7 0.3981203703703704 0.5046049382716049 0.06015740740740743 0.05169135802469137
7 0.6322685185185185 0.5035555555555555 0.0561944444444445 0.0566172839506173
7 0.15856481481481483 0.5037283950617284 0.06648148148148149 0.053456790123456735
7 0.5159166666666667 0.03338271604938271 0.07150000000000002 0.06606172839506173
7 0.7811944444444445 0.03690123456790124 0.06648148148148143 0.0590246913580247
7 0.26185185185185184 0.03302469135802469 0.06463888888888891 0.058320987654321
7 0.8846203703703703 0.5102345679012346 0.06225925925925927 0.04887654320987658
7 0.7505925925925926 0.6514197530864198 0.06859259259259252 0.05335802469135806
7 0.511037037037037 0.6500246913580247 0.06437037037037036 0.050543209876543274
7 0.2840092592592593 0.6484320987654322 0.06675000000000003 0.05090123456790126
7 0.04775 0.6486172839506172 0.06648148148148147 0.04772839506172843