10 0.4561083333333334 0.5433185185185185 0.17889166666666667 0.5406962962962963
10 0.7471333333333333 0.7088740740740741 0.17018333333333335 0.4965037037037036
10 0.9537 0.7977925925925926 0.09259166666666677 0.40440000000000004
10 0.10240833333333334 0.3479703703703704 0.20481666666666667 0.5944592592592592
10 0.6235166666666667 0.8183259259259259 0.0914833333333333 0.3433925925925925
10 0.20536666666666667 0.5054814814814814 0.14407499999999998 0.41894814814814824
10 0.06435 0.6643111111111112 0.11203333333333333 0.2855555555555556
10 0.2521333333333333 0.7964444444444445 0.095 0.3160888888888888
10 0.42675833333333335 0.8949185185185186 0.07759166666666663 0.2101629629629628
10 0.5250916666666666 0.8585037037037038 0.06314999999999998 0.17354074074074088
10 0.5838 0.9294814814814815 0.0805583333333334 0.1410222222222223